-0.0,
-1e-07,
-3.6e-07,
1.85e-06,
1.025e-05,
8.9e-06,
-4.35e-06,
6.8e-06,
2.57e-05,
-2.39e-05,
-9.95e-05,
-6.65e-05,
9e-06,
-5.92e-05,
-0.0001404,
4.47e-05,
0.0002916,
0.0001903,
-2.86e-06,
0.0002173,
0.0004485,
-0.0,
-0.000583,
-0.0003674,
6.3e-06,
-0.000548,
-0.001102,
-0.000223,
0.00093,
0.000525,
-0.000108,
0.001096,
0.002287,
0.0007825,
-0.001234,
-0.000496,
0.000515,
-0.001828,
-0.00417,
-0.00185,
0.001359,
-0.0,
-0.001604,
0.002577,
0.006855,
0.00355,
-0.001182,
0.001347,
0.003967,
-0.002981,
-0.01034,
-0.005886,
0.000691,
-0.00401,
-0.008484,
0.00244,
0.0145,
0.00869,
-0.0001213,
0.00857,
0.0166,
-0.0,
-0.01933,
-0.01163,
0.0001919,
-0.01607,
-0.03137,
-0.006203,
0.02544,
0.01423,
-0.002922,
0.02988,
0.06354,
0.02246,
-0.0372,
-0.01602,
0.01836,
-0.0749,
-0.2097,
-0.1284,
0.1737,
0.35,
0.1737,
-0.1284,
-0.2097,
-0.0749,
0.01836,
-0.01602,
-0.0372,
0.02246,
0.06354,
0.02988,
-0.002922,
0.01423,
0.02544,
-0.006203,
-0.03137,
-0.01607,
0.0001919,
-0.01163,
-0.01933,
-0.0,
0.0166,
0.00857,
-0.0001213,
0.00869,
0.0145,
0.00244,
-0.008484,
-0.00401,
0.000691,
-0.005886,
-0.01034,
-0.002981,
0.003967,
0.001347,
-0.001182,
0.00355,
0.006855,
0.002577,
-0.001604,
-0.0,
0.001359,
-0.00185,
-0.00417,
-0.001828,
0.000515,
-0.000496,
-0.001234,
0.0007825,
0.002287,
0.001096,
-0.000108,
0.000525,
0.00093,
-0.000223,
-0.001102,
-0.000548,
6.3e-06,
-0.0003674,
-0.000583,
-0.0,
0.0004485,
0.0002173,
-2.86e-06,
0.0001903,
0.0002916,
4.47e-05,
-0.0001404,
-5.92e-05,
9e-06,
-6.65e-05,
-9.95e-05,
-2.39e-05,
2.57e-05,
6.8e-06,
-4.35e-06,
8.9e-06,
1.025e-05,
1.85e-06,
