-0.0,
-4e-07,
-1.43e-06,
3.9e-06,
6.44e-06,
-1.055e-05,
-1.6e-05,
2.015e-05,
3.13e-05,
-3.225e-05,
-5.38e-05,
4.64e-05,
8.506e-05,
-6.18e-05,
-0.0001268,
7.755e-05,
0.000181,
-9.23e-05,
-0.0002496,
0.0001045,
0.0003352,
-0.0001119,
-0.00044,
0.0001118,
0.000566,
-0.00010103,
-0.000716,
7.57e-05,
0.0008917,
-3.11e-05,
-0.001096,
-3.797e-05,
0.001328,
0.0001377,
-0.001593,
-0.0002751,
0.001888,
0.0004578,
-0.002214,
-0.0006943,
0.002573,
0.000995,
-0.002962,
-0.00137,
0.003378,
0.001832,
-0.003819,
-0.002394,
0.00428,
0.00307,
-0.00476,
-0.003883,
0.005257,
0.004852,
-0.005756,
-0.00601,
0.006256,
0.00738,
-0.006752,
-0.00902,
0.007236,
0.010994,
-0.0077,
-0.0134,
0.00814,
0.01639,
-0.008545,
-0.02019,
0.00891,
0.0252,
-0.00923,
-0.03226,
0.0095,
0.04303,
-0.00972,
-0.0619,
0.00987,
0.10504,
-0.00997,
-0.3179,
0.51,
-0.3179,
-0.00997,
0.10504,
0.00987,
-0.0619,
-0.00972,
0.04303,
0.0095,
-0.03226,
-0.00923,
0.0252,
0.00891,
-0.02019,
-0.008545,
0.01639,
0.00814,
-0.0134,
-0.0077,
0.010994,
0.007236,
-0.00902,
-0.006752,
0.00738,
0.006256,
-0.00601,
-0.005756,
0.004852,
0.005257,
-0.003883,
-0.00476,
0.00307,
0.00428,
-0.002394,
-0.003819,
0.001832,
0.003378,
-0.00137,
-0.002962,
0.000995,
0.002573,
-0.0006943,
-0.002214,
0.0004578,
0.001888,
-0.0002751,
-0.001593,
0.0001377,
0.001328,
-3.797e-05,
-0.001096,
-3.11e-05,
0.0008917,
7.57e-05,
-0.000716,
-0.00010103,
0.000566,
0.0001118,
-0.00044,
-0.0001119,
0.0003352,
0.0001045,
-0.0002496,
-9.23e-05,
0.000181,
7.755e-05,
-0.0001268,
-6.18e-05,
8.506e-05,
4.64e-05,
-5.38e-05,
-3.225e-05,
3.13e-05,
2.015e-05,
-1.6e-05,
-1.055e-05,
6.44e-06,
3.9e-06,
-1.43e-06,
-4e-07,
