-0.0,
-1e-07,
-2.4e-07,
5.4e-07,
9.36e-06,
1.42e-05,
-1.85e-06,
-5.25e-06,
2.08e-05,
-2.1e-06,
-9.15e-05,
-0.00010127,
-2.8e-06,
-7.9e-06,
-0.000124,
-2.7e-05,
0.00027,
0.0002866,
2.503e-05,
9.16e-05,
0.000414,
0.00016,
-0.0005407,
-0.0005674,
-4.417e-05,
-0.0003028,
-0.001043,
-0.00052,
0.000861,
0.0008802,
-2.956e-05,
0.000676,
0.002197,
0.001273,
-0.001136,
-0.001063,
0.0004063,
-0.001177,
-0.00405,
-0.00259,
0.001231,
0.000836,
-0.001467,
0.00164,
0.006714,
0.004593,
-0.00103,
0.0001967,
0.003809,
-0.001719,
-0.01017,
-0.00726,
0.0005274,
-0.002522,
-0.00832,
0.0008388,
0.014336,
0.01041,
3.874e-05,
0.00675,
0.01645,
0.001925,
-0.01918,
-0.01365,
5.34e-05,
-0.01395,
-0.03125,
-0.0084,
0.02531,
0.01651,
-0.002821,
0.02753,
0.0635,
0.02486,
-0.0371,
-0.01846,
0.01831,
-0.07245,
-0.2097,
-0.131,
0.1737,
0.3525,
0.1737,
-0.131,
-0.2097,
-0.07245,
0.01831,
-0.01846,
-0.0371,
0.02486,
0.0635,
0.02753,
-0.002821,
0.01651,
0.02531,
-0.0084,
-0.03125,
-0.01395,
5.34e-05,
-0.01365,
-0.01918,
0.001925,
0.01645,
0.00675,
3.874e-05,
0.01041,
0.014336,
0.0008388,
-0.00832,
-0.002522,
0.0005274,
-0.00726,
-0.01017,
-0.001719,
0.003809,
0.0001967,
-0.00103,
0.004593,
0.006714,
0.00164,
-0.001467,
0.000836,
0.001231,
-0.00259,
-0.00405,
-0.001177,
0.0004063,
-0.001063,
-0.001136,
0.001273,
0.002197,
0.000676,
-2.956e-05,
0.0008802,
0.000861,
-0.00052,
-0.001043,
-0.0003028,
-4.417e-05,
-0.0005674,
-0.0005407,
0.00016,
0.000414,
9.16e-05,
2.503e-05,
0.0002866,
0.00027,
-2.7e-05,
-0.000124,
-7.9e-06,
-2.8e-06,
-0.00010127,
-9.15e-05,
-2.1e-06,
2.08e-05,
-5.25e-06,
-1.85e-06,
1.42e-05,
9.36e-06,
5.4e-07,
