0.0,
-2e-07,
-3.6e-07,
-4.2e-06,
-8.94e-06,
-1.49e-05,
-1.9e-06,
-8.2e-06,
-2.39e-05,
-1.63e-05,
0.0,
1.7e-06,
5.92e-05,
9.72e-05,
0.0001374,
0.0001708,
0.0001903,
0.0001881,
0.0001578,
9.53e-05,
0.0,
-3.695e-05,
-0.000267,
-0.0004146,
-0.0005455,
-0.0006447,
-0.0,
-0.00065,
-0.000525,
-4.25e-05,
0.0,
0.0003126,
0.0007825,
0.0011835,
0.001527,
0.001756,
0.001828,
0.0006104,
0.001276,
0.000761,
0.0,
-0.0009,
-0.001872,
-0.00279,
-0.00355,
-0.0003886,
-0.00414,
-0.003803,
-0.002935,
-2.13e-05,
0.0,
0.001959,
0.00401,
0.00592,
0.005005,
0.00849,
0.007324,
0.00796,
0.001066,
0.0001513,
0.0,
-0.00411,
-0.008446,
-0.003283,
-0.01607,
-0.005238,
-0.01909,
-0.01779,
-0.005184,
-0.00828,
0.0,
0.01034,
0.02246,
0.01625,
0.04245,
0.0627,
0.06836,
0.0853,
0.01369,
0.0863,
0.1,
0.0949,
0.0933,
0.08203,
0.0749,
0.0625,
0.04932,
0.03568,
0.02243,
0.01038,
0.0,
-0.00828,
-0.01416,
-0.01779,
-0.003202,
-0.01837,
-0.01607,
-0.01249,
-0.008446,
-0.00411,
0.0,
0.002062,
0.006226,
0.00601,
0.00822,
0.00849,
0.0004466,
2.79e-05,
0.00401,
0.001959,
0.0,
-0.001659,
-0.002981,
-0.003803,
-0.00414,
-0.002998,
-0.00355,
-0.002766,
-0.001872,
-0.0009074,
0.0,
0.0007687,
0.001344,
0.001698,
0.001828,
0.001755,
0.001515,
0.0011835,
0.000779,
0.0003736,
0.0,
-0.00018,
-0.0001506,
-0.0006504,
-0.000686,
-0.0006456,
-0.000547,
-0.0004146,
-0.000267,
-0.0001239,
0.0,
9.53e-05,
2.4e-07,
0.0001881,
0.0001903,
6.485e-05,
0.0001367,
9.79e-05,
5.92e-05,
5.07e-06,
0.0,
-1.63e-05,
-2.39e-05,
-2.1e-06,
-2.086e-05,
-4.1e-06,
-8.94e-06,
-4.2e-06,
-1.3e-06,
-2e-07,
